0.275135040283
0.164985656738
0.292062759399
0.243902206421
0.262022018433
0.297069549561
0.247955322266
0.239133834839
0.244140625
0.241041183472
0.217914581299
0.229120254517
0.268936157227
0.229120254517
0.230073928833
0.313997268677
0.237941741943
0.213146209717
0.278949737549
0.259160995483
0.231981277466
0.226974487305
0.266075134277
0.228881835938
0.231981277466
0.832080841064
0.829935073853
0.781059265137
1.10507011414
0.760078430176
0.780820846558
1.00898742676
0.819206237793
0.90479850769
0.76699256897
0.800848007202
0.794172286987
0.77486038208
0.899791717529
0.778913497925
0.809192657471
0.694990158081
0.833988189697
0.814914703369
0.95009803772
0.975847244263
0.921964645386
0.827074050903
1.12700462341
0.882148742676
0.94199180603
0.961065292358
0.980138778687
0.865936279297
0.875949859619
0.893115997314
1.35278701782
0.970125198364
1.0130405426
1.02686882019
0.936985015869
0.945091247559
0.946998596191
0.970125198364
0.82802772522
1.00612640381
0.94199180603
0.931024551392
1.05309486389
1.23691558838
0.977039337158
0.92601776123
1.03211402893
1.13105773926
0.944137573242
1.0449886322
1.03902816772
1.0781288147
1.25098228455
0.984907150269
1.00207328796
1.03902816772
1.07192993164
1.21998786926
0.99778175354
0.994920730591
1.07717514038
1.10602378845
1.07598304749
1.06406211853
1.06811523438
1.03902816772
1.09815597534
1.08289718628
1.14488601685
1.0769367218
1.08313560486
1.06501579285
1.10101699829
1.18494033813
1.15299224854
1.02806091309
1.0929107666
1.04594230652
1.36780738831
1.13415718079
1.01709365845
1.47891044617
1.04403495789
1.06596946716
1.57690048218
1.07884407043
1.0941028595
0.998973846436
1.25503540039
1.16896629333
1.10983848572
1.10697746277
1.15609169006
1.05094909668
1.82604789734
1.1191368103
1.14417076111
1.08599662781
1.25288963318
1.18398666382
1.12104415894
1.16801261902
1.15990638733
1.04904174805
1.53994560242
1.05881690979
1.17492675781
1.22094154358
1.28507614136
1.2538433075
1.17707252502
1.19209289551
1.30701065063
1.13797187805
1.17301940918
1.2481212616
1.21903419495
1.52087211609
1.15203857422
1.24192237854
1.22594833374
1.305103302
1.27696990967
1.23596191406
1.43480300903
1.48296356201
1.46698951721
1.67512893677
1.29699707031
1.29795074463
1.32393836975
1.49416923523
1.85608863831
1.30987167358
1.33085250854
1.28698348999
1.35707855225
1.75905227661
1.35684013367
1.30200386047
1.25598907471
1.68800354004
1.56402587891
1.53708457947
1.48105621338
1.19996070862
1.38902664185
1.38807296753
1.38902664185
1.44505500793
1.37400627136
1.42908096313
1.62196159363
1.31988525391
1.43098831177
1.31392478943
1.38092041016
1.61695480347
1.34491920471
1.47604942322
1.67393684387
1.64890289307
1.82914733887
1.49178504944
1.60312652588
1.6040802002
1.62291526794
1.49917602539
1.47294998169
1.57189369202
1.55687332153
1.56688690186
1.70207023621
1.72901153564
1.65987014771
1.66392326355
1.69706344604
1.78813934326
1.74593925476
1.53779983521
1.66296958923
1.61099433899
1.82604789734
1.64794921875
1.59502029419
1.40404701233
1.51896476746
1.52087211609
1.52206420898
2.59900093079
1.54995918274
1.55401229858
1.87110900879
1.80196762085
1.64699554443
1.70803070068
1.71804428101
1.70612335205
1.65009498596
1.78599357605
1.85799598694
1.73711776733
1.8048286438
1.89518928528
1.77478790283
1.72781944275
1.74880027771
1.7352104187
1.66702270508
1.75499916077
1.6450881958
1.71613693237
1.88112258911
1.64413452148
1.73401832581
1.54209136963
1.66797637939
1.90806388855
1.89113616943
1.8789768219
1.85203552246
1.6188621521
2.1378993988
1.68299674988
1.88302993774
1.68704986572
1.67393684387
2.41088867188
1.67083740234
1.65796279907
1.69706344604
1.59382820129
1.62887573242
1.5230178833
1.67107582092
1.65581703186
1.63078308105
1.66988372803
1.73306465149
2.1390914917
1.68204307556
1.89304351807
1.7409324646
1.93119049072
1.81794166565
1.88088417053
1.72901153564
1.94907188416
1.83486938477
1.87420845032
1.71303749084
1.65390968323
1.74808502197
1.99913978577
1.91187858582
1.69396400452
1.94501876831
1.97792053223
1.89709663391
1.66201591492
1.73807144165
1.66606903076
1.69396400452
1.73091888428
1.7249584198
1.74117088318
1.81198120117
1.85894966125
1.77407264709
1.77812576294
1.85108184814
2.10690498352
1.89590454102
1.93405151367
1.9359588623
1.95908546448
2.19392776489
1.92594528198
2.00796127319
1.97505950928
1.99007987976
1.98698043823
1.90401077271
2.00986862183
2.03585624695
2.0580291748
2.25400924683
1.8949508667
1.67894363403
1.6918182373
1.85418128967
1.82604789734
2.21610069275
2.19392776489
2.13003158569
1.9428730011
1.93500518799
1.96695327759
2.15291976929
1.59811973572
1.72400474548
1.7991065979
1.88684463501
1.95693969727
2.14409828186
1.77097320557
1.89709663391
1.78813934326
2.22611427307
2.41780281067
1.89304351807
2.17199325562
2.15792655945
1.88899040222
2.0649433136
1.90401077271
1.82914733887
1.72090530396
1.82890892029
1.87110900879
1.95789337158
1.96599960327
2.08020210266
2.00390815735
1.82199478149
1.94001197815
2.01201438904
1.95002555847
1.77693367004
1.87993049622
1.83391571045
1.95980072021
1.94811820984
1.89781188965
1.83081626892
1.85298919678
1.84416770935
1.93500518799
1.89399719238
1.97410583496
1.83415412903
1.92379951477
2.13193893433
1.99007987976
1.96003913879
1.88994407654
1.92499160767
1.98316574097
2.08902359009
2.06398963928
1.96480751038
1.90806388855
2.12907791138
1.96695327759
2.00891494751
2.22682952881
2.31504440308
2.04110145569
1.95693969727
2.48789787292
2.34007835388
2.42495536804
2.28214263916
2.30312347412
2.26092338562
2.19988822937
2.36582756042
2.25305557251
2.32100486755
2.12788581848
2.0649433136
2.07614898682
1.99913978577
1.90901756287
2.05898284912
2.54607200623
2.16794013977
2.032995224
2.05492973328
2.12001800537
2.01201438904
2.10309028625
2.04801559448
2.12097167969
2.02608108521
2.14600563049
2.04992294312
2.06398963928
2.23803520203
2.20894813538
2.04992294312
2.35819816589
2.2509098053
2.12693214417
2.06303596497
2.21991539001
2.12502479553
2.16913223267
2.06899642944
2.41804122925
2.23517417908
2.48599052429
2.46691703796
2.47120857239
2.43186950684
2.28095054626
2.35295295715
2.53105163574
2.66098976135
2.38990783691
2.12502479553
2.07710266113
2.2439956665
2.06899642944
2.25806236267
2.75087356567
2.0968914032
2.15888023376
2.28190422058
2.47001647949
1.87110900879
2.00986862183
2.31099128723
2.03895568848
2.58708000183
2.69389152527
2.68197059631
2.5269985199
2.64000892639
2.33507156372
2.23207473755
2.17413902283
2.26807594299
2.04801559448
2.33507156372
2.17390060425
2.40612030029
2.21800804138
2.26593017578
2.22516059875
2.09712982178
2.70295143127
2.41899490356
2.1641254425
2.30193138123
2.31695175171
2.38108634949
2.28691101074
2.37894058228
2.4631023407
2.17509269714
4.25696372986
4.05621528625
4.09913063049
4.2130947113
4.17804718018
4.0819644928
4.35280799866
4.25505638123
4.22382354736
4.16207313538
4.70590591431
4.19497489929
4.14896011353
4.44293022156
4.39786911011
3.94511222839
2.56395339966
2.29787826538
2.54011154175
2.5589466095
2.44617462158
2.31599807739
2.28500366211
2.69603729248
2.43210792542
2.48003005981
2.43306159973
2.36701965332
2.45404243469
2.37989425659
2.45094299316
2.37107276917
2.32195854187
2.58803367615
2.24184989929
2.42686271667
2.25901603699
2.32291221619
2.34889984131
2.37512588501
2.38990783691
2.39491462708
2.30288505554
2.35819816589
2.28595733643
2.43902206421
2.28595733643
2.39610671997
2.30693817139
2.49099731445
2.47287750244
2.45785713196
2.44808197021
2.39300727844
2.29692459106
2.48312950134
2.70915031433
2.55608558655
2.56395339966
2.37393379211
2.48408317566
2.52795219421
2.42590904236
2.39706039429
2.36487388611
2.35605239868
2.95281410217
2.29001045227
2.77996063232
2.86316871643
2.63404846191
2.40302085876
2.43496894836
2.5200843811
2.50101089478
2.48098373413
2.41208076477
2.38490104675
2.48885154724
2.78091430664
2.67910957336
2.53891944885
1.96886062622
2.52985954285
2.3889541626
2.22110748291
2.54106521606
2.54702568054
2.62188911438
3.06010246277
2.61521339417
2.681016922
2.8190612793
2.67291069031
2.760887146
2.73203849792
2.82287597656
2.6581287384
2.65312194824
2.82597541809
2.57897377014
2.57301330566
2.92491912842
2.94303894043
2.76803970337
2.81310081482
3.03983688354
3.005027771
2.79808044434
3.17692756653
2.769947052
2.92301177979
2.95400619507
3.13997268677
2.99096107483
3.07583808899
2.88510322571
3.11708450317
2.63786315918
2.78496742249
2.54678726196
2.68387794495
2.51793861389
2.79307365417
2.87795066833
3.38315963745
2.94804573059
2.31003761292
2.82692909241
2.90107727051
2.90703773499
2.65789031982
2.73895263672
2.52485275269
2.68912315369
2.62689590454
2.79593467712
2.53105163574
2.64596939087
2.77996063232
2.83288955688
2.67601013184
2.78306007385
2.73180007935
2.65097618103
2.74515151978
2.70700454712
2.74920463562
2.88319587708
2.82287597656
2.6969909668
2.64596939087
2.86507606506
2.76207923889
2.79808044434
3.21388244629
2.72512435913
2.69794464111
3.18884849548
2.87795066833
2.77400016785
2.7928352356
3.02577018738
2.8600692749
2.8829574585
3.56316566467
2.89702415466
2.75206565857
2.8669834137
3.48496437073
3.573179245
3.42917442322
3.52001190186
3.26013565063
3.41200828552
3.00097465515
2.72083282471
2.88605690002
3.17406654358
3.42917442322
3.57413291931
3.83281707764
3.27301025391
2.74991989136
2.72989273071
3.01194190979
2.8829574585
2.97999382019
3.23009490967
3.05199623108
2.42304801941
2.80809402466
2.83408164978
2.99191474915
3.27587127686
2.97713279724
3.02600860596
2.86293029785
3.27181816101
2.8600692749
2.80499458313
3.40700149536
3.30090522766
3.38101387024
2.94804573059
3.09801101685
2.95090675354
2.89511680603
3.16500663757
2.90989875793
2.93302536011
2.94589996338
2.72083282471
2.88510322571
3.15403938293
3.04102897644
2.89916992188
2.78306007385
3.02696228027
3.19194793701
3.02505493164
3.28493118286
2.94613838196
2.87795066833
3.04198265076
2.92897224426
2.95090675354
2.86316871643
3.05986404419
3.04412841797
3.04889678955
4.09412384033
3.20816040039
3.0300617218
3.31497192383
3.23390960693
3.32379341125
2.96902656555
3.09801101685
3.00407409668
2.94303894043
3.47995758057
3.44896316528
3.43990325928
3.5560131073
3.43012809753
3.46708297729
3.76009941101
3.6039352417
3.61895561218
3.62801551819
3.22699546814
3.26490402222
3.04198265076
3.38006019592
3.14283370972
3.08299064636
3.15403938293
3.34787368774
3.61704826355
3.72409820557
3.27610969543
3.15403938293
3.22818756104
5.06377220154
3.30805778503
3.6358833313
3.33094596863
3.54814529419
3.90911102295
3.88813018799
3.08990478516
2.78401374817
3.21483612061
3.50999832153
3.19695472717
3.09205055237
3.71909141541
3.01504135132
2.66814231873
3.25298309326
3.03721427917
2.96092033386
3.10897827148
3.43203544617
3.14092636108
3.05104255676
3.63707542419
3.56984138489
3.74984741211
3.71599197388
3.61514091492
3.61704826355
3.73911857605
3.24416160583
3.19194793701
3.21793556213
3.15809249878
3.11899185181
3.1099319458
3.83496284485
3.69715690613
3.71217727661
3.88693809509
4.00400161743
3.59606742859
3.73506546021
3.76081466675
3.22699546814
3.25012207031
3.30996513367
3.66806983948
3.50189208984
3.60989570618
3.70717048645
3.52096557617
3.90887260437
3.99494171143
4.05812263489
3.82018089294
4.14299964905
3.58104705811
3.7579536438
3.60989570618
3.66806983948
3.30400466919
3.39508056641
3.41701507568
3.43203544617
3.49307060242
3.39102745056
3.20506095886
3.19314002991
3.40294837952
3.24702262878
3.23700904846
3.43489646912
3.3278465271
3.76296043396
3.86595726013
4.00495529175
3.80420684814
3.82518768311
3.81588935852
3.17311286926
2.74300575256
3.90601158142
3.48615646362
3.55291366577
3.91602516174
4.05097007751
3.21197509766
3.2160282135
3.2958984375
3.40890884399
3.39794158936
3.31902503967
3.34095954895
3.85689735413
3.73315811157
4.25505638123
3.35502624512
3.99708747864
3.50499153137
3.28087806702
3.29804420471
3.5400390625
3.39198112488
3.42988967896
3.48901748657
3.46493721008
3.29399108887
3.29899787903
3.25894355774
3.30901145935
3.38315963745
3.35311889648
3.35693359375
3.36599349976
4.03118133545
4.14681434631
4.09007072449
4.02808189392
4.14705276489
4.00900840759
3.90815734863
4.02498245239
4.02498245239
3.96299362183
4.06908988953
4.1298866272
4.00996208191
4.13012504578
4.06384468079
4.075050354
3.34286689758
4.22978401184
3.60107421875
3.86595726013
3.81684303284
3.47590446472
3.34811210632
3.69691848755
3.77607345581
3.66592407227
3.43990325928
3.63397598267
3.4019947052
3.81588935852
4.2130947113
3.66902351379
3.48210334778
3.52883338928
3.53407859802
3.47805023193
3.56411933899
3.54695320129
3.65209579468
3.57699394226
4.23908233643
4.25100326538
4.0180683136
4.38284873962
4.1880607605
4.25004959106
4.47201728821
4.35495376587
4.05693054199
3.75604629517
3.73888015747
3.63087654114
3.60822677612
3.74221801758
3.53312492371
3.62205505371
3.80086898804
3.64995002747
3.46899032593
3.55100631714
3.6928653717
3.52501869202
3.64184379578
3.43418121338
2.92587280273
3.50379943848
3.69095802307
3.69095802307
3.60798835754
3.54194641113
3.74794006348
3.5879611969
3.59010696411
3.67498397827
3.57985496521
3.53288650513
3.64089012146
3.34596633911
3.73506546021
4.20594215393
3.90791893005
3.62300872803
3.53717803955
3.93104553223
3.5982131958
3.60894203186
3.66592407227
3.77607345581
3.0779838562
3.80301475525
3.85093688965
3.67212295532
3.7670135498
3.68905067444
3.59010696411
3.71193885803
3.80110740662
3.6518573761
2.99906730652
3.85594367981
3.80182266235
3.74102592468
3.85308265686
3.80396842957
3.58510017395
3.47995758057
4.075050354
3.74293327332
3.6039352417
3.74507904053
3.71289253235
3.70812416077
3.66902351379
3.82709503174
3.62014770508
3.60894203186
3.51810455322
3.74007225037
3.80921363831
3.77106666565
3.830909729
3.93199920654
3.87692451477
4.04381752014
3.23414802551
4.30297851562
4.45699691772
4.53901290894
4.55594062805
4.40502166748
4.10103797913
4.33421134949
4.53090667725
4.43005561829
4.63604927063
4.1298866272
4.41002845764
4.48203086853
4.48799133301
4.66990470886
4.46605682373
4.41789627075
4.64510917664
4.51898574829
4.53591346741
4.11415100098
4.10604476929
3.9279460907
3.69811058044
4.66990470886
4.57906723022
4.5919418335
4.54497337341
4.47702407837
4.56190109253
4.06408309937
5.10096549988
4.69899177551
4.68492507935
4.93502616882
4.65512275696
4.6501159668
4.92000579834
4.18996810913
3.93295288086
4.08291816711
4.01306152344
4.05216217041
3.8468837738
3.89695167542
3.84116172791
7.73906707764
8.30602645874
4.33015823364
3.98588180542
4.41598892212
4.05406951904
3.92889976501
4.11295890808
4.24599647522
3.91101837158
3.78608703613
4.79102134705
4.58097457886
4.71806526184
4.87089157104
4.69613075256
4.69589233398
5.06496429443
5.0208568573
4.73308563232
4.6648979187
4.72617149353
4.58097457886
4.74214553833
4.11200523376
3.96299362183
3.92818450928
4.24098968506
4.11820411682
4.00400161743
3.92317771912
3.98707389832
3.98087501526
4.13298606873
4.21905517578
4.1401386261
4.15992736816
5.13315200806
4.16803359985
4.00996208191
3.66306304932
4.08911705017
3.91602516174
4.02402877808
3.5982131958
3.93915176392
3.98111343384
4.25004959106
4.22191619873
4.29892539978
3.63802909851
4.17017936707
4.065990448
4.26888465881
4.19616699219
3.93009185791
4.09817695618
4.95982170105
4.98104095459
3.7248134613
4.55498695374
4.26578521729
4.18901443481
4.32920455933
3.88288497925
4.30083274841
4.14991378784
4.35495376587
4.08792495728
4.08387184143
5.03611564636
4.87399101257
4.87494468689
4.87899780273
4.51993942261
4.04500961304
4.08792495728
4.92691993713
4.01997566223
4.07695770264
4.25982475281
4.28414344788
4.30202484131
4.86898422241
4.19497489929
4.19902801514
4.08911705017
4.22787666321
3.89289855957
3.98111343384
4.26697731018
4.35996055603
4.19306755066
4.54497337341
5.18488883972
5.23209571838
5.14888763428
5.46097755432
4.8189163208
5.11288642883
5.31506538391
4.79197502136
4.97388839722
5.16295433044
5.13696670532
5.01704216003
5.16200065613
4.95290756226
4.86397743225
3.90696525574
4.68993186951
4.25505638123
4.66418266296
4.66799736023
4.24289703369
4.2679309845
4.39214706421
4.04596328735
4.634141922
5.3379535675
5.27906417847
5.02300262451
4.91499900818
5.038022995
5.1441192627
5.32102584839
5.21302223206
5.00202178955
5.07998466492
4.79698181152
4.55212593079
4.23789024353
4.40907478333
5.34296035767
4.48417663574
4.54807281494
4.63700294495
4.62198257446
4.48298454285
4.56500053406
4.48703765869
3.51691246033
4.26697731018
4.5371055603
4.31799888611
4.83894348145
4.3261051178
4.30297851562
5.1372051239
4.45604324341
4.5440196991
4.39715385437
4.28104400635
4.42814826965
4.18591499329
4.2359828949
4.83298301697
5.16390800476
5.02181053162
4.6489238739
4.6238899231
4.33611869812
4.27389144897
4.4059753418
4.36592102051
4.41908836365
4.27794456482
4.36401367188
4.31704521179
4.45294380188
4.50396537781
4.41122055054
4.45508956909
4.39500808716
4.52494621277
4.55093383789
4.83202934265
4.31799888611
4.32682037354
4.62102890015
4.52899932861
4.46891784668
5.39803504944
5.19514083862
5.26714324951
5.39207458496
5.35082817078
5.22494316101
5.26213645935
5.31792640686
5.24497032166
5.30505180359
4.8348903656
4.3408870697
4.4150352478
4.52208518982
4.71496582031
4.59694862366
4.11295890808
4.86993789673
4.96101379395
4.90498542786
4.97603416443
4.73093986511
4.70399856567
5.95116615295
4.70304489136
4.42099571228
4.5599937439
4.6660900116
4.73284721375
4.5599937439
4.42600250244
4.49180603027
7.80200958252
3.79395484924
4.73499298096
4.8770904541
4.74214553833
4.79507446289
4.64987754822
4.67300415039
5.44095039368
5.29718399048
5.27310371399
5.74398040771
5.53917884827
5.42211532593
5.24091720581
5.30481338501
5.46312332153
5.34987449646
5.65385818481
5.39088249207
5.17892837524
4.94813919067
4.72903251648
4.64487075806
4.643201828
4.74214553833
4.48298454285
4.54616546631
4.95386123657
4.60886955261
4.58598136902
4.1241645813
4.71806526184
4.65488433838
4.8291683197
4.76408004761
4.89687919617
4.61888313293
5.04398345947
4.56285476685
4.73189353943
4.59408760071
4.51111793518
4.63509559631
4.81915473938
5.41090965271
5.61189651489
5.6369304657
5.45001029968
5.45716285706
5.49983978271
4.57406044006
4.7869682312
4.7550201416
4.90093231201
5.64408302307
5.66101074219
5.82981109619
5.64002990723
5.65695762634
5.46908378601
5.99002838135
5.73515892029
5.58114051819
5.19895553589
4.71997261047
4.73499298096
4.87112998962
4.32205200195
4.78792190552
5.13911247253
4.97508049011
4.2450428009
4.94503974915
5.58614730835
5.69200515747
5.53584098816
5.99503517151
5.61499595642
5.70011138916
5.63502311707
5.64503669739
5.46598434448
5.98001480103
5.89394569397
5.84316253662
5.33294677734
4.96101379395
4.85515594482
4.92906570435
5.03420829773
4.82487678528
4.16088104248
4.85301017761
5.93495368958
5.8810710907
5.57398796082
5.8159828186
5.66911697388
5.72609901428
5.88393211365
5.9061050415
5.70178031921
5.88798522949
6.11686706543
6.12998008728
5.86795806885
6.05607032776
5.81097602844
5.90491294861
6.31713867188
5.68103790283
5.72800636292
5.6848526001
6.00695610046
6.06203079224
6.06393814087
5.85699081421
5.87201118469
5.80310821533
6.05797767639
5.63287734985
5.81812858582
6.0818195343
5.22112846375
5.19609451294
5.33008575439
5.97286224365
5.89203834534
6.02102279663
5.63907623291
4.92811203003
5.12790679932
5.4190158844
5.22112846375
5.39588928223
5.79810142517
6.05583190918
5.7520866394
5.94592094421
6.05583190918
6.08396530151
5.97500801086
6.29305839539
6.18386268616
6.12282752991
6.43992424011
5.06091117859
4.86993789673
4.95004653931
5.76186180115
5.86581230164
5.90801239014
5.28693199158
6.17694854736
6.17384910583
6.35099411011
5.863904953
5.86891174316
6.13903999329
6.38604164124
6.00004196167
5.77807426453
5.31482696533
5.15794754028
5.43403625488
5.18894195557
5.12194633484
5.55896759033
5.50103187561
5.34200668335
4.98580932617
4.94313240051
6.5929889679
6.30688667297
6.18004798889
6.12902641296
6.03294372559
5.89394569397
6.22200965881
6.29997253418
6.00290298462
6.03604316711
6.27398490906
6.16693496704
6.06989860535
5.48696517944
5.9871673584
6.2141418457
6.38890266418
6.1891078949
6.0760974884
6.35719299316
6.34813308716
6.10303878784
5.61308860779
6.4868927002
6.38008117676
6.53886795044
5.38301467896
5.26809692383
5.11002540588
4.38904762268
5.14483451843
5.14101982117
5.16510009766
5.13792037964
5.17797470093
5.19800186157
6.57176971436
6.25205039978
6.39200210571
6.34503364563
6.31880760193
6.30807876587
6.38008117676
5.63502311707
5.04994392395
5.14698028564
5.85007667542
5.41806221008
5.48005104065
5.24497032166
5.32507896423
5.4349899292
5.47003746033
6.29496574402
5.99694252014
6.04701042175
6.55102729797
6.3099861145
6.44087791443
6.43682479858
6.27207756042
6.39390945435
6.36506080627
6.50310516357
6.08491897583
6.19506835938
6.36291503906
6.23393058777
5.9449672699
6.68883323669
6.42108917236
6.5541267395
5.37395477295
5.39398193359
5.15985488892
5.21993637085
6.6511631012
5.21016120911
5.22184371948
5.8798789978
5.33008575439
5.48911094666
4.89115715027
5.45692443848
5.14006614685
5.26809692383
6.48713111877
5.46193122864
5.3699016571
5.33604621887
5.37395477295
5.53107261658
6.01696968079
6.4971446991
6.22892379761
6.38818740845
6.53195381165
6.55102729797
6.67309761047
6.56604766846
6.39915466309
6.62517547607
5.38301467896
5.88703155518
6.21700286865
6.53600692749
6.68096542358
6.29997253418
6.3169002533
6.56604766846
6.26993179321
6.56604766846
6.43801689148
6.54602050781
6.53600692749
6.49404525757
5.5468082428
5.46503067017
5.14101982117
5.64503669739
5.37109375
5.45001029968
6.44612312317
6.54292106628
6.33001327515
6.71815872192
6.48617744446
6.55508041382
6.66999816895
6.42490386963
6.35981559753
6.51597976685
6.50405883789
4.89902496338
6.9100856781
6.95705413818
6.4971446991
6.50691986084
6.07514381409
6.59704208374
6.47211074829
6.99281692505
5.774974823
4.51421737671
5.41019439697
5.80501556396
5.5410861969
11.430978775
11.5292072296
10.8420848846
11.2750530243
11.4660263062
10.9369754791
11.0111236572
11.5928649902
10.6132030487
11.3661289215
11.4030838013
11.3480091095
11.6348266602
11.2330913544
11.1999511719
11.3949775696
5.3288936615
5.08284568787
5.53202629089
5.75709342957
6.70886039734
6.15310668945
6.75415992737
6.81018829346
6.2370300293
6.79492950439
6.59084320068
6.47592544556
6.68621063232
6.48403167725
6.68001174927
6.76703453064
6.91699981689
6.70289993286
6.58297538757
6.68811798096
6.47401809692
5.51605224609
5.60092926025
5.65409660339
5.65505027771
6.48307800293
5.84197044373
6.11591339111
5.84006309509
5.77998161316
5.93113899231
5.6369304657
5.87892532349
5.98096847534
5.784034729
5.65385818481
5.86795806885
6.74390792847
6.94894790649
6.96706771851
7.00402259827
6.89792633057
6.73913955688
7.06601142883
5.62381744385
5.55181503296
5.81383705139
5.91516494751
5.76996803284
6.04009628296
5.9220790863
5.9700012207
6.02698326111
5.84197044373
5.93304634094
5.6459903717
6.07299804688
5.75399398804
5.7590007782
6.36696815491
5.80310821533
5.85079193115
6.23106956482
6.88791275024
6.86979293823
6.78610801697
6.9420337677
6.82497024536
6.93106651306
7.53283500671
7.09700584412
7.1120262146
7.23695755005
7.05194473267
7.13992118835
6.84714317322
7.25603103638
7.16209411621
6.81400299072
7.36713409424
7.10391998291
7.11607933044
7.50994682312
7.52091407776
7.39002227783
7.59696960449
7.56692886353
7.30204582214
7.15804100037
7.21311569214
7.01594352722
7.40790367126
7.6630115509
7.35211372375
6.82902336121
6.49213790894
6.91509246826
5.88989257812
5.78689575195
5.70297241211
5.73897361755
5.84197044373
6.72793388367
6.81900978088
7.02500343323
6.60014152527
5.90205192566
6.69288635254
5.92613220215
6.14190101624
6.14190101624
5.88393211365
6.64186477661
6.81304931641
7.03001022339
7.46297836304
7.11297988892
7.47895240784
7.24220275879
7.2660446167
7.14492797852
6.93392753601
7.2169303894
6.96301460266
6.90102577209
7.19499588013
7.33780860901
7.17115402222
7.41314888
6.62803649902
7.02381134033
7.25603103638
7.01189041138
6.78396224976
6.94608688354
7.55786895752
7.3070526123
7.31492042542
7.1120262146
7.57193565369
7.26914405823
6.70194625854
7.09009170532
5.94305992126
4.98795509338
6.79278373718
6.18815422058
7.02905654907
6.10303878784
6.27994537354
6.94179534912
6.19292259216
6.5450668335
6.04009628296
6.422996521
6.13903999329
6.02889060974
7.73310661316
6.92415237427
7.79795646667
7.1439743042
6.31904602051
6.42991065979
5.99098205566
6.0350894928
6.33192062378
6.42704963684
6.37984275818
5.87391853333
6.22415542603
7.32612609863
7.74502754211
7.72500038147
7.42316246033
7.3390007019
7.54594802856
7.3139667511
7.53092765808
5.96594810486
6.08801841736
6.24418258667
6.30402565002
6.30187988281
5.98502159119
6.28399848938
6.27517700195
6.38794898987
6.09087944031
6.19506835938
6.19697570801
6.27899169922
6.17003440857
6.30688667297
6.04605674744
6.24179840088
6.34407997131
6.43491744995
6.20889663696
6.50691986084
6.89387321472
6.22892379761
7.15804100037
7.32088088989
7.26389884949
7.41696357727
6.2530040741
7.66491889954
7.62295722961
7.40790367126
7.25793838501
7.57813453674
7.38000869751
7.45415687561
6.36792182922
7.48801231384
7.87687301636
7.53402709961
7.78889656067
6.35099411011
5.05995750427
6.2530040741
6.11901283264
6.32381439209
6.3169002533
6.29115104675
6.22391700745
6.41202926636
7.05003738403
6.39891624451
6.3681602478
6.37698173523
6.22510910034
6.49881362915
6.41107559204
7.05099105835
7.86781311035
7.48515129089
7.6858997345
7.48300552368
7.42888450623
7.72905349731
7.22503662109
7.48801231384
7.63487815857
7.41791725159
7.61198997498
7.18021392822
7.737159729
7.43508338928
7.58409500122
7.99703598022
7.49206542969
7.57908821106
7.57908821106
7.92694091797
7.6858997345
7.49492645264
7.17496871948
7.70878791809
7.69305229187
7.90500640869
7.44080543518
7.70378112793
7.1280002594
7.96794891357
7.60984420776
6.31093978882
6.31904602051
6.54292106628
6.48880004883
6.61206245422
6.38508796692
6.70695304871
6.5860748291
6.65712356567
6.36410713196
6.49309158325
8.10718536377
7.77697563171
7.72714614868
8.03995132446
7.56096839905
7.59816169739
7.78579711914
7.77983665466
7.64489173889
7.86304473877
8.0738067627
7.5991153717
7.46202468872
8.16893577576
6.5929889679
7.16304779053
6.72483444214
6.65807723999
6.7720413208
6.27994537354
6.79206848145
7.80081748962
7.66015052795
6.35099411011
7.77292251587
7.89785385132
7.25984573364
6.52289390564
6.58011436462
6.73794746399
6.71720504761
6.31594657898
6.42085075378
6.49905204773
6.37006759644
6.6659450531
6.77394866943
6.69193267822
6.45899772644
8.22520256042
8.12816619873
7.87615776062
7.81297683716
7.97390937805
7.77912139893
7.71903991699
8.05115699768
7.82108306885
8.00085067749
8.04686546326
8.16702842712
8.15415382385
7.77006149292
8.04996490479
7.95102119446
7.99083709717
7.88688659668
7.86399841309
7.96484947205
8.07094573975
8.01682472229
7.77697563171
7.68494606018
8.05401802063
7.89093971252
7.96103477478
8.02183151245
7.71713256836
7.97605514526
8.17203521729
7.97200202942
7.9619884491
7.96103477478
8.03804397583
7.86399841309
7.896900177
6.61492347717
6.57105445862
6.73794746399
8.72397422791
6.70790672302
5.6049823761
6.82497024536
6.70409202576
6.53982162476
6.52480125427
7.07197189331
7.02881813049
6.88195228577
7.52377510071
7.48205184937
6.69193267822
7.23695755005
6.80613517761
6.92892074585
7.72595405579
6.55889511108
6.57105445862
6.65402412415
7.23695755005
6.59489631653
6.67881965637
8.13388824463
7.92908668518
7.97080993652
8.21709632874
7.7850818634
6.78014755249
6.99496269226
6.7400932312
6.72197341919
6.84285163879
8.5620880127
6.91294670105
6.88791275024
7.3139667511
7.55095481873
8.29005241394
8.3179473877
6.96492195129
7.16304779053
8.10098648071
