0.158071517944
0.109910964966
0.148057937622
0.1220703125
0.1540184021
0.148057937622
0.150918960571
0.149965286255
0.1540184021
0.155210494995
0.144004821777
0.148057937622
0.130891799927
0.139236450195
0.146150588989
0.119209289551
0.144004821777
0.144004821777
0.144004821777
0.14591217041
0.150918960571
0.209093093872
0.18310546875
0.21505355835
0.20694732666
0.198125839233
0.243902206421
0.132083892822
0.245094299316
0.213861465454
0.217914581299
0.378131866455
0.153064727783
0.211954116821
0.237941741943
0.240087509155
0.164985656738
0.219106674194
0.198841094971
0.137090682983
0.247001647949
0.225782394409
0.214099884033
0.216960906982
0.217914581299
0.218868255615
0.209093093872
0.216007232666
0.195980072021
0.216007232666
0.220060348511
0.234842300415
0.14591217041
0.213861465454
0.211000442505
0.220060348511
0.220060348511
0.217914581299
0.19907951355
0.214099884033
0.221014022827
0.201940536499
0.210046768188
0.21505355835
0.309944152832
0.169038772583
0.225067138672
0.267028808594
0.198125839233
0.1540184021
0.247001647949
0.199794769287
0.203132629395
0.21505355835
0.298023223877
0.173807144165
0.208854675293
0.248908996582
0.189065933228
0.208854675293
0.235080718994
0.19907951355
0.263929367065
0.215768814087
0.211954116821
0.139951705933
0.207901000977
0.242948532104
0.212907791138
0.20694732666
0.232934951782
0.208139419556
0.403165817261
0.213861465454
0.200986862183
0.139951705933
0.21505355835
0.318050384521
0.146150588989
0.208854675293
0.244140625
0.196933746338
0.205993652344
0.21505355835
0.198125839233
0.137090682983
0.209808349609
0.221014022827
0.212907791138
0.204801559448
0.226020812988
0.18310546875
0.21505355835
0.214099884033
0.198125839233
0.252962112427
0.219821929932
0.211000442505
0.217199325562
0.213861465454
0.231981277466
0.169038772583
0.219106674194
0.205993652344
0.194787979126
0.200033187866
0.173091888428
0.198841094971
0.137090682983
0.214099884033
0.255107879639
0.157833099365
0.209808349609
0.226020812988
0.19907951355
0.228881835938
0.216007232666
0.25200843811
0.310897827148
0.216007232666
0.237941741943
0.1380443573
0.209093093872
0.212907791138
0.195026397705
0.207901000977
0.214099884033
0.198841094971
0.170946121216
0.214099884033
0.223875045776
0.135183334351
0.154972076416
0.19907951355
0.21505355835
0.148057937622
0.201940536499
0.201940536499
0.19907951355
0.221967697144
0.241041183472
0.133037567139
0.144004821777
0.216007232666
0.146865844727
0.155925750732
0.183820724487
0.221014022827
0.142097473145
0.133991241455
0.231027603149
0.137805938721
0.156164169312
0.27322769165
0.140190124512
0.218868255615
0.226974487305
0.195026397705
0.157833099365
0.131130218506
0.229120254517
0.162124633789
0.133037567139
0.198125839233
0.136137008667
0.14591217041
0.205039978027
0.166893005371
0.140190124512
0.144004821777
0.186920166016
0.158071517944
0.140905380249
0.197887420654
0.133991241455
0.170946121216
0.214815139771
0.147104263306
0.138998031616
0.162124633789
0.203847885132
0.240087509155
0.190019607544
0.200986862183
0.19097328186
0.167846679688
0.205993652344
0.180006027222
0.198125839233
0.19907951355
0.188827514648
0.169038772583
0.162124633789
0.200033187866
0.205993652344
0.184059143066
0.199794769287
0.175952911377
0.174999237061
0.189065933228
0.224113464355
0.220060348511
0.277042388916
0.214815139771
0.209093093872
0.185966491699
0.205039978027
0.174999237061
0.162124633789
0.296115875244
0.187873840332
0.216960906982
0.249862670898
0.200033187866
0.169992446899
0.12993812561
0.245094299316
0.139951705933
0.141859054565
0.239849090576
0.132083892822
0.140905380249
0.201940536499
0.17786026001
0.149965286255
0.1540184021
0.212907791138
0.217914581299
0.159978866577
0.216007232666
0.209093093872
0.163078308105
0.325918197632
0.175952911377
0.168085098267
0.228881835938
0.231981277466
0.195026397705
0.156879425049
0.234127044678
0.154972076416
0.168800354004
0.242948532104
0.168085098267
0.165939331055
0.185012817383
0.19383430481
0.164985656738
0.159025192261
0.200986862183
0.174999237061
0.16713142395
0.273942947388
0.161170959473
0.139951705933
0.189065933228
0.188112258911
0.155925750732
0.160932540894
0.216960906982
0.211000442505
0.154972076416
0.208139419556
0.178813934326
0.146865844727
0.218868255615
0.238180160522
0.174045562744
0.225067138672
0.242948532104
0.164031982422
0.159978866577
0.20694732666
0.166177749634
0.201225280762
0.221967697144
0.20694732666
0.196933746338
0.192880630493
0.229120254517
0.19907951355
0.218152999878
0.204086303711
0.141143798828
0.199794769287
0.22292137146
0.211954116821
0.211954116821
0.262975692749
0.210046768188
0.161170959473
0.218868255615
0.266075134277
0.411033630371
0.221967697144
0.252962112427
0.252962112427
0.216960906982
0.219106674194
0.154972076416
0.142097473145
0.147104263306
0.196933746338
0.153064727783
0.1540184021
0.236034393311
0.161170959473
0.180959701538
0.30517578125
0.181913375854
0.203847885132
0.226020812988
0.19907951355
0.210046768188
0.149965286255
0.231027603149
0.154972076416
0.181913375854
0.223875045776
0.155925750732
0.16713142395
0.289916992188
0.217199325562
0.185966491699
0.1540184021
0.234127044678
0.169038772583
0.156879425049
0.231981277466
0.1540184021
0.164985656738
0.226020812988
0.200986862183
0.176906585693
0.162839889526
0.223875045776
0.170946121216
0.166893005371
0.231027603149
0.192165374756
0.216960906982
0.309944152832
0.286102294922
0.147104263306
0.226974487305
0.201940536499
0.164031982422
0.154972076416
0.204801559448
0.155925750732
0.149965286255
0.218868255615
0.146865844727
0.156879425049
0.185012817383
0.189065933228
0.1540184021
0.158071517944
0.220060348511
0.164985656738
0.144958496094
0.205039978027
0.174045562744
0.180959701538
0.205039978027
0.169992446899
0.147819519043
0.125169754028
0.187873840332
0.184059143066
0.184059143066
0.19097328186
0.224113464355
0.216960906982
0.320911407471
0.231027603149
0.234127044678
0.200986862183
0.195026397705
0.273942947388
0.191926956177
0.216960906982
0.200033187866
0.216960906982
0.250101089478
0.224113464355
0.20694732666
0.286817550659
0.207185745239
0.233888626099
0.284910202026
0.211000442505
0.204086303711
0.217199325562
0.205993652344
0.221967697144
0.194072723389
0.291109085083
0.173091888428
0.203132629395
0.2281665802
0.245094299316
0.200986862183
0.143051147461
0.21505355835
0.174999237061
0.200986862183
0.234842300415
0.1540184021
0.236034393311
0.28395652771
0.25200843811
0.243902206421
0.18310546875
0.256061553955
0.185012817383
0.227928161621
0.231027603149
0.133037567139
0.205039978027
0.214099884033
0.211954116821
0.2121925354
0.138998031616
0.240087509155
0.203847885132
0.248908996582
0.188827514648
0.149965286255
0.212907791138
0.219106674194
0.242948532104
0.254154205322
0.184059143066
0.257968902588
0.247001647949
0.179052352905
0.211954116821
0.137805938721
0.1540184021
0.309944152832
0.150918960571
0.218152999878
0.208854675293
0.198841094971
0.138998031616
0.213861465454
0.216960906982
0.272989273071
0.216007232666
0.198125839233
0.216960906982
0.216007232666
0.20694732666
0.195980072021
0.207185745239
0.218868255615
0.216007232666
0.272035598755
0.216007232666
0.205039978027
0.180006027222
0.216960906982
0.296115875244
0.175952911377
0.203847885132
0.233888626099
0.227928161621
0.26798248291
0.216007232666
0.208854675293
0.216960906982
0.255107879639
0.185012817383
0.195980072021
0.203132629395
0.271081924438
0.218152999878
0.220060348511
0.216007232666
0.211000442505
0.210046768188
0.171899795532
0.219106674194
0.142097473145
0.203847885132
0.19097328186
0.216960906982
0.286102294922
0.217914581299
0.196933746338
0.216960906982
0.2121925354
0.205993652344
0.218152999878
0.214099884033
0.262975692749
0.212907791138
0.231981277466
0.214815139771
0.201940536499
0.156879425049
0.159025192261
0.200033187866
0.21505355835
0.213146209717
0.291109085083
0.214815139771
0.2121925354
0.232934951782
0.194072723389
0.203847885132
0.211000442505
0.228881835938
0.137090682983
0.212907791138
0.257015228271
0.217199325562
0.216007232666
0.257015228271
0.187873840332
0.211000442505
0.217914581299
0.203847885132
0.221014022827
0.214099884033
0.198841094971
0.216960906982
0.217914581299
0.256061553955
0.205993652344
0.211954116821
0.223875045776
0.198841094971
0.262022018433
0.205039978027
0.200986862183
0.137090682983
0.211954116821
0.275135040283
0.207185745239
0.241041183472
0.235080718994
0.205039978027
0.262975692749
0.211000442505
0.203132629395
0.137090682983
0.147819519043
0.290155410767
0.178098678589
0.221014022827
0.275135040283
0.219106674194
0.219106674194
0.217914581299
0.228881835938
0.262022018433
0.218152999878
0.205039978027
0.138998031616
0.217914581299
0.257015228271
0.190019607544
0.221014022827
0.21505355835
0.188827514648
0.268936157227
0.22292137146
0.203847885132
0.216960906982
0.22292137146
0.29993057251
0.225067138672
0.227212905884
0.228881835938
0.210046768188
0.157117843628
0.226020812988
0.211000442505
0.133991241455
0.226020812988
0.213146209717
0.227212905884
0.224113464355
0.231981277466
0.185012817383
0.147104263306
0.132083892822
0.194072723389
0.125885009766
0.133991241455
0.219821929932
0.214099884033
0.21505355835
0.266075134277
0.173807144165
0.159025192261
0.164031982422
0.200986862183
0.157117843628
0.214815139771
0.214099884033
0.216007232666
0.216007232666
0.372886657715
0.210046768188
0.209093093872
0.250101089478
0.216960906982
0.226974487305
0.223875045776
0.201940536499
0.218868255615
0.214099884033
0.395059585571
0.2121925354
0.209093093872
0.297069549561
0.179052352905
0.19097328186
0.214099884033
0.216007232666
0.202178955078
0.216960906982
0.330924987793
0.211000442505
0.209808349609
0.237226486206
0.172138214111
0.271081924438
0.241994857788
0.198125839233
0.23889541626
0.211954116821
0.293016433716
0.221014022827
0.207901000977
0.221014022827
0.164985656738
0.226020812988
0.233173370361
0.19907951355
0.214099884033
0.2121925354
0.31304359436
0.211954116821
0.209093093872
0.212907791138
0.221967697144
0.268936157227
0.228881835938
0.216007232666
0.213861465454
0.217199325562
0.275135040283
0.214815139771
0.208854675293
0.214099884033
0.216007232666
0.272035598755
0.29993057251
0.179052352905
0.216007232666
0.247001647949
0.310897827148
0.294923782349
0.208854675293
0.211954116821
0.154972076416
0.176906585693
0.216960906982
0.210046768188
0.212907791138
0.232934951782
0.247001647949
0.214099884033
0.210046768188
0.205993652344
0.216960906982
0.137090682983
0.240087509155
0.226020812988
0.218152999878
0.203847885132
0.221967697144
0.185966491699
0.214099884033
0.202894210815
0.150918960571
0.211000442505
0.240087509155
0.244855880737
0.218868255615
0.220060348511
0.161170959473
0.149965286255
0.164031982422
0.19907951355
0.224113464355
0.214099884033
0.205039978027
0.21505355835
0.21505355835
0.266790390015
0.211000442505
0.220060348511
0.239133834839
0.205039978027
0.216007232666
0.211000442505
0.205039978027
0.226020812988
0.219106674194
0.280141830444
0.14591217041
0.227212905884
0.167846679688
0.22292137146
0.208854675293
0.241041183472
0.198125839233
0.143051147461
0.221967697144
0.212907791138
0.142097473145
0.150918960571
0.226974487305
0.158071517944
0.174045562744
0.164985656738
0.226974487305
0.213146209717
0.149011611938
0.201940536499
0.178098678589
0.156879425049
0.268936157227
0.244855880737
0.21505355835
0.273942947388
0.2281665802
0.204086303711
0.218152999878
0.207901000977
0.170946121216
0.148057937622
0.231027603149
0.159025192261
0.15115737915
0.347852706909
0.159978866577
0.194072723389
0.218152999878
0.207185745239
0.189065933228
0.214815139771
0.21505355835
0.137090682983
0.222206115723
0.417947769165
0.185012817383
0.180959701538
0.180959701538
0.232934951782
0.216960906982
0.174045562744
0.205993652344
0.174045562744
0.219821929932
0.272989273071
0.21505355835
0.209808349609
0.236034393311
0.198125839233
0.181913375854
0.173091888428
0.231027603149
0.168800354004
0.149011611938
0.243902206421
0.143051147461
0.146865844727
0.181913375854
0.179052352905
0.145196914673
0.134944915771
0.194072723389
0.132083892822
0.139951705933
0.298976898193
0.205039978027
0.171899795532
0.173807144165
0.174999237061
0.178098678589
0.150918960571
0.188112258911
0.159978866577
0.156164169312
0.271081924438
0.197887420654
0.163078308105
0.198841094971
0.169992446899
0.171899795532
0.209093093872
0.185012817383
0.174999237061
0.175952911377
0.245094299316
0.161170959473
0.151872634888
0.207901000977
0.219106674194
0.213861465454
0.233888626099
0.197887420654
0.1380443573
0.144958496094
0.284910202026
0.146865844727
0.155210494995
0.197887420654
0.159978866577
0.1380443573
0.213146209717
0.16188621521
0.142097473145
0.136137008667
0.205993652344
0.155925750732
0.151872634888
0.205039978027
0.142812728882
0.157117843628
0.25200843811
0.156879425049
0.152111053467
0.236988067627
0.20694732666
0.217914581299
0.1540184021
0.209808349609
0.224113464355
0.143051147461
0.279903411865
0.144004821777
0.216960906982
0.201225280762
0.198125839233
0.154972076416
0.182867050171
0.19907951355
0.205993652344
0.146865844727
0.203847885132
0.156879425049
0.149965286255
0.220060348511
0.179052352905
0.19097328186
0.148057937622
0.180006027222
0.154972076416
0.154972076416
0.200033187866
0.141859054565
0.185966491699
0.251054763794
0.237941741943
0.152826309204
0.330924987793
0.195026397705
0.178098678589
0.241041183472
0.192165374756
0.267028808594
0.19383430481
0.2121925354
0.401973724365
0.189065933228
0.341892242432
0.204086303711
0.176906585693
0.184059143066
0.280857086182
0.2281665802
0.174999237061
0.205039978027
0.25200843811
0.262975692749
0.241994857788
0.213146209717
0.233173370361
0.195026397705
0.217914581299
0.230073928833
0.185966491699
0.188112258911
0.137090682983
0.236988067627
0.221014022827
0.231981277466
0.200986862183
0.258922576904
0.210046768188
0.221014022827
0.213861465454
0.217914581299
0.143051147461
0.211954116821
0.339031219482
0.196933746338
0.186920166016
0.247955322266
0.201940536499
0.204086303711
0.186920166016
0.249147415161
0.226020812988
0.211000442505
0.228881835938
0.184059143066
0.17786026001
0.255823135376
0.251054763794
0.200986862183
0.217199325562
0.20694732666
0.250101089478
0.20694732666
0.227212905884
0.226020812988
0.213146209717
0.343084335327
0.212907791138
0.193119049072
0.211954116821
0.198125839233
0.283002853394
0.188112258911
0.286102294922
0.179052352905
0.178813934326
0.331878662109
0.195980072021
0.195980072021
0.185966491699
0.216960906982
0.187873840332
0.164985656738
0.237941741943
0.138998031616
0.202894210815
0.325918197632
0.198125839233
0.19907951355
0.293016433716
0.217199325562
0.271081924438
0.200986862183
0.223159790039
0.17786026001
0.176191329956
0.309944152832
0.168085098267
0.169038772583
0.2121925354
0.219106674194
0.2601146698
0.218152999878
0.232219696045
0.196933746338
0.195026397705
0.346183776855
0.192880630493
0.213861465454
0.213146209717
0.195980072021
0.236034393311
0.229835510254
0.197887420654
0.205993652344
0.214099884033
0.336170196533
0.19383430481
0.21505355835
0.219106674194
0.128984451294
0.203132629395
0.298976898193
0.191926956177
0.162839889526
0.159025192261
0.223875045776
0.204801559448
0.137090682983
0.19907951355
0.135898590088
0.168085098267
0.278949737549
0.174999237061
0.195980072021
0.209093093872
0.223159790039
0.209093093872
0.1540184021
0.195026397705
0.195980072021
0.205039978027
0.241994857788
0.191926956177
0.226020812988
0.21505355835
0.226020812988
0.214099884033
0.16713142395
0.242948532104
0.198125839233
0.202178955078
0.23889541626
0.188112258911
0.225067138672
0.293016433716
0.211954116821
0.205039978027
0.254154205322
0.216007232666
0.218152999878
0.203847885132
0.205993652344
0.198125839233
0.185012817383
0.290155410767
0.217914581299
0.183820724487
0.19383430481
0.224828720093
0.237941741943
0.200986862183
0.241994857788
0.197887420654
0.209808349609
0.231981277466
0.20694732666
0.184059143066
0.234127044678
0.185012817383
0.178813934326
0.182867050171
0.239133834839
0.191926956177
0.191926956177
0.214099884033
0.193119049072
0.213146209717
0.305891036987
0.184059143066
0.211954116821
0.184059143066
0.231027603149
0.216007232666
0.200986862183
0.241041183472
0.160932540894
0.197887420654
0.275850296021
0.197887420654
0.21505355835
0.236988067627
0.233173370361
0.244140625
0.188112258911
0.242948532104
0.158071517944
0.209093093872
0.211000442505
0.163078308105
0.181198120117
0.2601146698
0.210046768188
0.233888626099
0.211000442505
0.237941741943
0.225067138672
0.175952911377
0.20694732666
0.212907791138
0.18310546875
0.273942947388
0.185966491699
0.217914581299
0.235080718994
0.22292137146
0.257015228271
0.216960906982
0.205993652344
0.202894210815
0.21505355835
0.325918197632
0.221967697144
0.221967697144
0.207901000977
0.225067138672
0.262022018433
0.211000442505
0.23889541626
0.182151794434
0.219106674194
0.324010848999
0.188112258911
0.184059143066
0.220060348511
0.184059143066
0.197172164917
0.16713142395
0.205993652344
0.155925750732
0.174999237061
0.345945358276
0.172853469849
0.180959701538
0.225067138672
0.180006027222
0.201225280762
0.198841094971
0.190019607544
0.152111053467
0.166177749634
0.313997268677
0.170946121216
0.175952911377
0.202894210815
0.180959701538
0.225067138672
0.195026397705
0.183820724487
0.153064727783
0.164985656738
0.303983688354
0.174999237061
0.175952911377
0.196933746338
0.175952911377
0.195026397705
0.240087509155
0.191926956177
0.157117843628
0.170946121216
0.279903411865
0.173091888428
0.180006027222
0.197887420654
0.177145004272
0.194072723389
0.207901000977
0.251054763794
0.161170959473
0.203847885132
0.253200531006
0.165939331055
0.16188621521
0.195980072021
0.175952911377
0.18310546875
0.193119049072
0.180959701538
0.170946121216
0.183820724487
0.262022018433
0.165939331055
0.169038772583
0.193119049072
0.175952911377
0.186920166016
0.194072723389
0.174045562744
0.14591217041
0.239849090576
0.223159790039
0.163078308105
0.163793563843
0.198841094971
0.17786026001
0.185966491699
0.196933746338
0.176906585693
0.154972076416
0.238180160522
0.197887420654
0.201940536499
0.318050384521
0.208139419556
0.202178955078
0.26798248291
0.204086303711
0.185012817383
0.163078308105
0.2121925354
0.331878662109
0.216960906982
0.207901000977
0.209093093872
0.216007232666
0.200033187866
0.208854675293
0.298023223877
0.169992446899
0.242948532104
0.197887420654
0.218152999878
0.217914581299
0.196933746338
0.216960906982
0.19383430481
0.236988067627
0.271797180176
0.191926956177
0.220060348511
0.203132629395
0.202894210815
0.205993652344
0.22292137146
0.214099884033
0.19907951355
0.229120254517
0.214815139771
0.179052352905
0.214099884033
0.169992446899
0.214815139771
0.306844711304
0.242948532104
0.216007232666
0.277042388916
0.200986862183
0.182867050171
0.1540184021
0.210046768188
0.172853469849
0.172138214111
0.258922576904
0.169038772583
0.186920166016
0.278949737549
0.195026397705
0.217914581299
0.173091888428
0.231027603149
0.304937362671
0.190019607544
0.229835510254
0.172138214111
0.176906585693
