0.127077102661
0.123023986816
0.140905380249
0.115156173706
0.160932540894
0.128984451294
0.134944915771
0.1380443573
0.1220703125
0.141143798828
0.19097328186
0.125885009766
0.138998031616
0.184059143066
0.148057937622
0.214099884033
0.190019607544
0.203847885132
0.20694732666
0.174045562744
0.219106674194
0.180006027222
0.189065933228
0.179052352905
0.180006027222
0.174999237061
0.191926956177
0.183820724487
0.190019607544
0.22292137146
0.207185745239
0.189065933228
0.194072723389
0.236034393311
0.189065933228
0.196933746338
0.179052352905
0.18310546875
0.264167785645
0.169038772583
0.236988067627
0.228881835938
0.180006027222
0.217199325562
0.198125839233
0.21505355835
0.19097328186
0.198125839233
0.19383430481
0.208139419556
0.195980072021
0.298023223877
0.190019607544
0.262975692749
0.201940536499
0.191926956177
0.257015228271
0.213861465454
0.1540184021
0.146150588989
0.217914581299
0.177145004272
0.174999237061
0.204086303711
0.178813934326
0.196933746338
0.201940536499
0.179052352905
0.200986862183
0.188112258911
0.197887420654
0.165939331055
0.168800354004
0.19907951355
0.156879425049
0.174999237061
0.209093093872
0.178098678589
0.205993652344
0.207901000977
0.17786026001
0.174999237061
0.164985656738
0.185012817383
0.180959701538
0.202894210815
0.189065933228
0.205993652344
0.226020812988
0.246047973633
0.177145004272
0.171184539795
0.154972076416
0.195026397705
0.150918960571
0.175952911377
0.201940536499
0.211000442505
0.179052352905
0.17786026001
0.181913375854
0.205993652344
0.176906585693
0.21505355835
0.200986862183
0.213146209717
0.276803970337
0.1540184021
0.209093093872
0.169038772583
0.222206115723
0.205039978027
0.18310546875
0.195980072021
0.250816345215
0.198841094971
0.277996063232
0.204086303711
0.195980072021
0.2121925354
0.174045562744
0.185012817383
0.194072723389
0.226974487305
0.187873840332
0.241041183472
0.19907951355
0.216960906982
0.184059143066
0.334978103638
0.180006027222
0.194072723389
0.194072723389
0.224113464355
0.16713142395
0.174045562744
0.19097328186
0.175952911377
0.18310546875
0.354051589966
0.195980072021
0.180959701538
0.192880630493
0.221967697144
0.208854675293
0.182151794434
0.193119049072
0.193119049072
0.186920166016
0.207901000977
0.185966491699
0.185966491699
0.223875045776
0.224113464355
0.19907951355
0.176906585693
0.216960906982
0.202178955078
0.179052352905
0.240087509155
0.175952911377
0.208854675293
0.211954116821
0.214815139771
0.236988067627
0.204801559448
0.200986862183
0.197172164917
0.180006027222
0.298976898193
0.175952911377
0.171899795532
0.196933746338
0.186920166016
0.149965286255
0.169038772583
0.216960906982
0.19097328186
0.180959701538
0.32901763916
0.169038772583
0.171899795532
0.241041183472
0.20694732666
0.202894210815
0.289916992188
0.186920166016
0.239133834839
0.200986862183
0.264883041382
0.191926956177
0.21505355835
0.179052352905
0.224113464355
0.229835510254
0.232934951782
0.226020812988
0.16188621521
0.23889541626
0.326871871948
0.269174575806
0.201940536499
0.189065933228
0.239849090576
0.197887420654
0.205993652344
0.221967697144
0.161170959473
0.218152999878
0.230073928833
0.210046768188
0.221014022827
0.204086303711
0.195980072021
0.203847885132
0.226974487305
0.167846679688
0.171184539795
0.211000442505
0.263929367065
0.189065933228
0.244140625
0.18310546875
0.229835510254
0.200033187866
0.198841094971
0.221967697144
0.169038772583
0.223875045776
0.192165374756
0.188827514648
0.209093093872
0.179052352905
0.197887420654
0.234842300415
0.202894210815
0.187873840332
0.189065933228
0.251054763794
0.171899795532
0.19383430481
0.19907951355
0.174999237061
0.20694732666
0.198125839233
0.19907951355
0.195980072021
0.250101089478
0.197172164917
0.194787979126
0.193119049072
0.198841094971
0.152111053467
0.160932540894
0.147819519043
0.204086303711
0.164031982422
0.167846679688
0.200986862183
0.157117843628
0.169038772583
0.298023223877
0.157117843628
0.153064727783
0.227928161621
0.211000442505
0.1540184021
0.164985656738
0.200986862183
0.144004821777
0.18310546875
0.252962112427
0.1540184021
0.144004821777
0.169038772583
0.194787979126
0.147104263306
0.227928161621
0.194787979126
0.137090682983
0.231027603149
0.195026397705
0.135898590088
0.195026397705
0.19907951355
0.170946121216
0.203132629395
0.227928161621
0.19097328186
0.160932540894
0.164031982422
0.22292137146
0.157833099365
0.159025192261
0.177145004272
0.212907791138
0.144004821777
0.16713142395
0.180959701538
0.147819519043
0.159978866577
0.224113464355
0.162124633789
0.164985656738
0.168085098267
0.169992446899
0.159978866577
0.205993652344
0.174999237061
0.137090682983
0.156164169312
0.17786026001
0.139951705933
0.174999237061
0.184774398804
0.168085098267
0.160932540894
0.205993652344
0.19097328186
0.208139419556
0.169038772583
0.170230865479
0.134944915771
0.160932540894
0.164031982422
0.154972076416
0.179052352905
0.191926956177
0.182867050171
0.202894210815
0.171184539795
0.179052352905
0.144958496094
0.182151794434
0.188112258911
0.179052352905
0.1540184021
0.189065933228
0.155925750732
0.16188621521
0.146865844727
0.178098678589
0.1540184021
0.182867050171
0.224113464355
0.164985656738
0.227212905884
0.164031982422
0.162839889526
0.185966491699
0.205039978027
0.169992446899
0.137805938721
0.158071517944
0.174045562744
0.211000442505
0.168085098267
0.175952911377
0.138998031616
0.160932540894
0.190019607544
0.164031982422
0.159025192261
0.173091888428
0.162124633789
0.156879425049
0.186920166016
0.169038772583
0.136852264404
0.164985656738
0.214099884033
0.182151794434
0.165939331055
0.146150588989
0.192880630493
0.159025192261
0.176906585693
0.169038772583
0.169038772583
0.226974487305
0.20694732666
0.135898590088
0.166893005371
0.277996063232
0.203847885132
0.200986862183
0.221014022827
0.200986862183
0.198125839233
0.196933746338
0.21505355835
0.211954116821
0.280857086182
0.586986541748
0.488996505737
0.439167022705
0.449895858765
0.386953353882
0.297069549561
0.346183776855
0.234842300415
0.194072723389
0.198125839233
0.252962112427
0.134944915771
0.151872634888
0.20694732666
0.172853469849
0.162124633789
0.195026397705
0.182867050171
0.1380443573
0.178098678589
0.184059143066
0.133991241455
0.173091888428
0.184059143066
0.164985656738
0.172853469849
0.158071517944
0.182151794434
0.203132629395
0.189065933228
0.185012817383
0.16188621521
0.168085098267
0.17786026001
0.184059143066
0.190019607544
0.147104263306
0.178098678589
0.164985656738
0.153064727783
0.176906585693
0.153064727783
0.162124633789
0.172853469849
0.169038772583
0.16188621521
0.150918960571
0.165939331055
0.174999237061
0.150203704834
0.185012817383
0.139951705933
0.2281665802
0.190019607544
0.137090682983
0.196933746338
0.278234481812
0.210046768188
0.14591217041
0.182151794434
0.190019607544
0.169992446899
0.236988067627
0.19097328186
0.134944915771
0.192165374756
0.220060348511
0.147104263306
0.214815139771
0.185966491699
0.172853469849
0.226974487305
0.161170959473
0.195026397705
0.172138214111
0.193119049072
0.258922576904
0.174045562744
0.166893005371
0.146865844727
0.210046768188
0.143051147461
0.1540184021
0.232934951782
0.149965286255
0.16713142395
0.217914581299
0.167846679688
0.159978866577
0.308036804199
0.164985656738
0.217199325562
0.150918960571
0.194072723389
0.198841094971
0.175952911377
0.224828720093
0.211954116821
0.157117843628
0.217914581299
0.159978866577
0.159978866577
0.207901000977
0.203132629395
0.143051147461
0.201940536499
0.197887420654
0.181913375854
0.187158584595
0.20694732666
0.180959701538
0.224113464355
0.162124633789
0.163793563843
0.211000442505
0.207901000977
0.205993652344
0.190019607544
0.173091888428
0.21505355835
0.182867050171
0.141143798828
0.221967697144
0.159978866577
0.142812728882
0.184059143066
0.19907951355
0.179052352905
0.159025192261
0.185012817383
0.159978866577
0.136852264404
0.174999237061
0.169038772583
0.137090682983
0.188112258911
0.298023223877
0.180959701538
0.181913375854
0.190019607544
0.19097328186
0.192165374756
0.179052352905
0.194072723389
0.159025192261
0.157117843628
0.195026397705
0.175952911377
0.164031982422
0.168085098267
0.168085098267
0.218868255615
0.169038772583
0.155925750732
0.152111053467
0.186920166016
0.170946121216
0.18310546875
0.18310546875
0.214099884033
0.164985656738
0.193119049072
0.198841094971
0.185012817383
0.160932540894
0.197887420654
0.184059143066
0.160217285156
0.171899795532
0.167846679688
0.178098678589
0.149011611938
0.172853469849
0.162124633789
0.154972076416
0.177145004272
0.271081924438
0.185966491699
0.149011611938
0.159978866577
0.2121925354
0.146865844727
0.202178955078
0.177145004272
0.19097328186
0.202894210815
0.139951705933
0.168085098267
0.234127044678
0.140190124512
0.152111053467
0.311851501465
0.171899795532
0.175952911377
0.159978866577
0.169038772583
0.163078308105
0.178098678589
0.197887420654
0.133991241455
0.166893005371
0.195026397705
0.164985656738
0.185012817383
0.172138214111
0.165939331055
0.171899795532
0.162124633789
0.17786026001
0.156164169312
0.160932540894
0.199794769287
0.185012817383
0.185012817383
0.171899795532
0.212907791138
0.308036804199
0.223875045776
0.205993652344
0.188112258911
0.205039978027
0.210046768188
0.205993652344
0.162839889526
0.155925750732
0.200033187866
0.248908996582
0.170946121216
0.200986862183
0.142097473145
0.152826309204
0.232934951782
0.150203704834
0.16188621521
0.208139419556
0.174045562744
0.195026397705
0.18310546875
0.200033187866
0.133037567139
0.165939331055
0.26798248291
0.185012817383
0.185012817383
0.162124633789
0.163078308105
0.298023223877
0.169992446899
0.167846679688
0.167846679688
0.19097328186
0.283002853394
0.162124633789
0.174999237061
0.175952911377
0.164031982422
0.216960906982
0.14591217041
0.159025192261
0.155925750732
0.245094299316
0.241994857788
0.166893005371
0.157833099365
0.185966491699
0.162124633789
0.201940536499
0.178098678589
0.160932540894
0.153779983521
0.1540184021
0.170946121216
0.155925750732
0.12993812561
0.252962112427
0.170946121216
0.1540184021
0.149011611938
0.185966491699
0.180006027222
0.159025192261
0.166177749634
0.157117843628
0.180959701538
0.168085098267
0.136137008667
0.170946121216
0.278949737549
0.160932540894
0.224828720093
0.159978866577
0.210046768188
0.380039215088
0.203847885132
0.200986862183
0.16188621521
0.207185745239
0.241041183472
0.144958496094
0.198125839233
0.272035598755
0.17786026001
0.257015228271
0.149011611938
0.201940536499
0.195980072021
0.166893005371
0.266790390015
0.159978866577
0.226974487305
0.272035598755
0.180959701538
0.284910202026
0.155925750732
0.236034393311
0.190019607544
0.195980072021
0.21505355835
0.1540184021
0.196933746338
0.224113464355
0.169038772583
0.23889541626
0.231981277466
0.211954116821
0.257015228271
0.194072723389
0.202894210815
0.144004821777
0.207185745239
0.283002853394
0.173091888428
0.210046768188
0.283002853394
0.209093093872
0.19907951355
0.176906585693
0.241994857788
0.186204910278
0.210046768188
0.344038009644
0.137090682983
0.211000442505
0.28395652771
0.231981277466
0.399112701416
0.182867050171
0.233173370361
0.166177749634
0.249862670898
0.184059143066
0.219106674194
0.2121925354
0.332117080688
0.260829925537
0.205039978027
0.164031982422
0.200986862183
0.209093093872
0.152826309204
0.194072723389
0.154972076416
0.151872634888
0.219821929932
0.178098678589
0.149011611938
0.158071517944
0.170946121216
0.144958496094
0.195980072021
0.189065933228
0.137090682983
0.153064727783
0.231981277466
0.169992446899
0.173091888428
0.197887420654
0.214099884033
0.143051147461
0.195026397705
0.203847885132
0.16188621521
0.26798248291
0.205039978027
0.211000442505
0.176191329956
0.216007232666
0.164985656738
0.175952911377
0.162124633789
0.181913375854
0.156164169312
0.187158584595
0.176906585693
0.181913375854
0.163078308105
0.236034393311
0.159978866577
0.152826309204
0.170946121216
0.180959701538
0.16188621521
0.161170959473
0.19383430481
0.137090682983
0.164985656738
0.22292137146
0.217914581299
0.149011611938
0.168800354004
0.204086303711
0.16713142395
0.191926956177
0.202178955078
0.139951705933
0.20694732666
0.19907951355
0.162839889526
0.170946121216
0.280141830444
0.180006027222
0.150918960571
0.171899795532
0.175952911377
0.169992446899
0.200033187866
0.247001647949
0.158071517944
0.164031982422
0.174999237061
0.165939331055
0.172853469849
0.149011611938
0.157117843628
0.153064727783
0.16188621521
0.205039978027
0.18310546875
0.178813934326
0.164985656738
0.159025192261
0.140905380249
0.167846679688
0.162124633789
0.164985656738
0.162839889526
0.178813934326
0.173091888428
0.207901000977
0.168085098267
0.158071517944
0.158071517944
0.188112258911
0.165939331055
0.137090682983
0.166893005371
0.221014022827
0.164985656738
0.147104263306
0.225067138672
0.226974487305
0.149011611938
0.250101089478
0.1540184021
0.172138214111
0.219106674194
0.172853469849
0.164031982422
0.185966491699
0.174045562744
0.216960906982
0.157833099365
0.203847885132
0.1380443573
0.170946121216
0.164031982422
0.169038772583
0.172853469849
0.188112258911
0.169992446899
0.179052352905
0.1540184021
0.189781188965
0.180006027222
0.19907951355
0.180006027222
0.163793563843
0.154972076416
0.1540184021
0.182867050171
0.204086303711
0.158071517944
0.195980072021
0.159978866577
0.1540184021
0.197887420654
0.16188621521
0.153064727783
0.128984451294
0.169038772583
0.182151794434
0.157117843628
0.180006027222
0.137090682983
0.172853469849
0.25486946106
0.187158584595
0.149011611938
0.191926956177
0.160932540894
0.180959701538
0.291109085083
0.169038772583
0.160932540894
0.148057937622
0.184774398804
0.220060348511
0.158071517944
0.195026397705
0.174045562744
0.169992446899
0.22292137146
0.185012817383
0.165224075317
0.162124633789
0.180006027222
0.232934951782
0.1540184021
0.219106674194
0.180959701538
0.165939331055
0.171899795532
0.182867050171
0.207901000977
0.157117843628
0.198125839233
0.162839889526
0.195980072021
0.223875045776
0.167846679688
0.167846679688
0.217199325562
0.195980072021
0.156879425049
0.140190124512
0.191926956177
0.226020812988
0.202894210815
0.189065933228
0.165224075317
0.180959701538
0.210046768188
0.174999237061
0.173091888428
0.170946121216
0.177145004272
0.20694732666
0.193119049072
0.178813934326
0.140905380249
0.173807144165
0.184774398804
0.16713142395
0.166893005371
0.162839889526
0.174045562744
0.274896621704
0.163078308105
0.17786026001
0.159025192261
0.165939331055
0.216960906982
0.213146209717
0.146865844727
0.171899795532
0.214815139771
0.180006027222
0.165939331055
0.208139419556
0.14591217041
0.152111053467
0.277996063232
0.211954116821
0.144004821777
0.291109085083
0.195980072021
0.190019607544
0.182151794434
0.200986862183
0.160932540894
0.1540184021
0.272989273071
0.15115737915
0.153064727783
0.188112258911
0.164985656738
0.163078308105
0.17786026001
0.174999237061
0.149965286255
0.184059143066
0.170946121216
0.164985656738
0.149965286255
0.18310546875
0.195026397705
0.157117843628
0.180959701538
0.165939331055
0.159978866577
0.169038772583
0.191926956177
0.164985656738
0.147104263306
0.18310546875
0.173091888428
0.156164169312
0.225782394409
0.134944915771
0.211954116821
0.176191329956
0.211954116821
0.179052352905
0.240087509155
0.197887420654
0.159025192261
0.180959701538
0.281095504761
0.155925750732
0.154972076416
0.163078308105
0.174045562744
0.173091888428
0.144004821777
0.187873840332
0.137805938721
0.161170959473
0.251054763794
0.154972076416
0.165939331055
0.174999237061
0.164985656738
0.160932540894
0.159978866577
0.19097328186
0.149965286255
0.169992446899
0.179052352905
0.166893005371
0.173091888428
0.217914581299
0.16713142395
0.164985656738
0.158071517944
0.160932540894
0.226974487305
0.129222869873
0.163078308105
0.146150588989
0.155210494995
0.244140625
0.156164169312
0.157117843628
0.159025192261
0.193119049072
0.20694732666
0.153064727783
0.164985656738
0.159978866577
0.178813934326
0.171184539795
0.211000442505
0.21505355835
0.191926956177
0.188112258911
0.193119049072
0.149011611938
0.195026397705
0.132083892822
0.146150588989
0.190019607544
0.137090682983
0.204801559448
0.202894210815
0.19907951355
0.2121925354
0.203132629395
0.218868255615
0.149965286255
0.191926956177
0.196933746338
0.169038772583
0.225067138672
0.23889541626
0.151872634888
0.174999237061
0.165939331055
0.176906585693
0.23078918457
0.171899795532
0.232934951782
0.159978866577
0.196218490601
0.205993652344
0.156879425049
0.164985656738
0.168085098267
0.168085098267
0.14591217041
0.231027603149
0.174999237061
0.211954116821
0.230073928833
0.189065933228
0.217199325562
0.188112258911
0.209808349609
0.182867050171
0.178813934326
0.196933746338
0.174045562744
0.173091888428
0.195980072021
0.216007232666
0.141859054565
0.174999237061
0.226020812988
0.174999237061
0.193119049072
0.248908996582
0.198125839233
0.201940536499
0.177145004272
0.191926956177
0.158071517944
0.185012817383
0.251054763794
0.18310546875
0.182867050171
0.190019607544
0.186920166016
0.21505355835
0.169992446899
0.191926956177
0.180959701538
0.176906585693
0.310897827148
0.200986862183
0.216960906982
0.253915786743
0.221014022827
0.231981277466
0.205993652344
0.192165374756
0.180959701538
0.185012817383
0.204086303711
0.227928161621
0.219106674194
0.294923782349
0.21505355835
0.2121925354
0.180006027222
0.228881835938
0.200986862183
0.221967697144
0.325918197632
0.197887420654
0.187873840332
0.224828720093
0.192880630493
0.192165374756
0.205993652344
0.19097328186
0.163078308105
0.216960906982
0.304937362671
0.197887420654
0.185966491699
0.197172164917
0.200986862183
0.253915786743
0.267028808594
0.188112258911
0.21505355835
0.154972076416
0.271081924438
